Logistic = 0.622448979592
SVM = 0.614795918367
lSVM = 0.617346938776
RF = 0.561224489796
