Logistic = 0.655612244898
SVM = 0.630102040816
lSVM = 0.635204081633
RF = 0.637755102041
